 &plot nbnd=  50, nks=   141 /
            0.000000  0.000000  0.000000
  -46.919  -46.898  -23.599  -23.599  -23.406  -23.406  -23.363  -23.320   -8.834   -7.552
   -6.709   -6.709    3.245    3.663    3.968    5.292    5.292    6.578    6.578    7.210
    8.534    8.762    8.762    9.236   11.090   11.372   11.665   11.783   11.783   13.935
   14.015   16.136   16.136   17.151   17.237   20.820   20.820   23.646   24.890   25.753
   27.686   28.509   28.719   28.719   30.737   32.268   33.315   33.315   34.297   34.864
            0.000000  0.025000  0.000000
  -46.919  -46.898  -23.599  -23.599  -23.406  -23.406  -23.363  -23.320   -8.832   -7.552
   -6.712   -6.711    3.250    3.666    3.972    5.292    5.293    6.573    6.577    7.210
    8.529    8.749    8.755    9.234   11.094   11.378   11.671   11.786   11.787   13.939
   14.012   16.133   16.134   17.159   17.233   20.819   20.825   23.646   24.885   25.748
   27.682   28.516   28.717   28.731   30.743   32.265   33.245   33.318   34.261   34.760
            0.000000  0.050000  0.000000
  -46.919  -46.898  -23.598  -23.598  -23.407  -23.407  -23.363  -23.321   -8.824   -7.551
   -6.721   -6.714    3.264    3.674    3.985    5.293    5.294    6.560    6.575    7.210
    8.515    8.709    8.736    9.228   11.107   11.395   11.687   11.795   11.800   13.953
   14.002   16.126   16.128   17.181   17.223   20.817   20.840   23.647   24.870   25.736
   27.671   28.534   28.710   28.767   30.761   32.256   33.070   33.325   34.047   34.774
            0.000000  0.075000  0.000000
  -46.919  -46.898  -23.597  -23.597  -23.409  -23.409  -23.362  -23.321   -8.812   -7.551
   -6.735   -6.719    3.287    3.688    4.007    5.295    5.297    6.537    6.570    7.211
    8.492    8.646    8.705    9.217   11.127   11.423   11.714   11.809   11.821   13.971
   13.990   16.113   16.119   17.188   17.234   20.812   20.865   23.649   24.846   25.716
   27.652   28.565   28.701   28.824   30.792   32.242   32.843   33.338   33.715   34.909
            0.000000  0.100000  0.000000
  -46.919  -46.899  -23.595  -23.595  -23.411  -23.410  -23.362  -23.321   -8.795   -7.550
   -6.754   -6.726    3.318    3.708    4.038    5.297    5.300    6.507    6.564    7.212
    8.460    8.560    8.664    9.201   11.154   11.458   11.749   11.828   11.849   13.955
   14.015   16.097   16.106   17.161   17.288   20.804   20.900   23.652   24.813   25.691
   27.627   28.607   28.688   28.898   30.834   32.220   32.596   33.355   33.356   34.941
            0.000000  0.125000  0.000000
  -46.919  -46.899  -23.593  -23.592  -23.414  -23.413  -23.361  -23.322   -8.773   -7.550
   -6.777   -6.735    3.357    3.732    4.077    5.299    5.305    6.469    6.554    7.214
    8.422    8.456    8.616    9.179   11.187   11.500   11.794   11.853   11.884   13.924
   14.058   16.076   16.089   17.121   17.359   20.791   20.945   23.658   24.772   25.660
   27.597   28.662   28.673   28.983   30.888   32.192   32.348   32.996   33.375   34.980
            0.000000  0.150000  0.000000
  -46.918  -46.899  -23.591  -23.590  -23.417  -23.416  -23.361  -23.323   -8.746   -7.551
   -6.804   -6.747    3.402    3.761    4.127    5.302    5.310    6.424    6.542    7.216
    8.334    8.376    8.564    9.151   11.225   11.545   11.845   11.882   11.923   13.886
   14.111   16.051   16.070   17.073   17.444   20.773   21.001   23.665   24.724   25.627
   27.563   28.658   28.728   29.070   30.953   32.113   32.157   32.643   33.399   35.023
            0.000000  0.175000  0.000000
  -46.918  -46.900  -23.587  -23.586  -23.421  -23.419  -23.360  -23.323   -8.715   -7.553
   -6.835   -6.759    3.454    3.795    4.186    5.306    5.316    6.375    6.525    7.220
    8.199    8.325    8.511    9.118   11.267   11.592   11.903   11.915   11.967   13.842
   14.174   16.024   16.047   17.015   17.542   20.746   21.066   23.674   24.671   25.591
   27.527   28.643   28.806   29.150   31.028   31.900   32.113   32.304   33.426   35.011
            0.000000  0.200000  0.000000
  -46.917  -46.900  -23.584  -23.582  -23.425  -23.423  -23.359  -23.324   -8.679   -7.557
   -6.867   -6.774    3.509    3.832    4.256    5.310    5.322    6.322    6.504    7.226
    8.051    8.269    8.460    9.080   11.312   11.638   11.951   11.966   12.013   13.793
   14.247   15.994   16.023   16.950   17.652   20.711   21.142   23.684   24.614   25.554
   27.491   28.630   28.894   29.208   31.114   31.715   31.990   32.060   33.454   34.836
            0.000000  0.225000  0.000000
  -46.917  -46.901  -23.580  -23.578  -23.430  -23.428  -23.358  -23.325   -8.639   -7.564
   -6.899   -6.790    3.568    3.871    4.337    5.314    5.328    6.266    6.477    7.233
    7.894    8.209    8.413    9.037   11.359   11.682   11.990   12.033   12.061   13.738
   14.330   15.963   15.996   16.876   17.773   20.665   21.228   23.692   24.559   25.517
   27.456   28.621   28.994   29.230   31.209   31.529   31.746   31.997   33.483   34.654
            0.000000  0.250000  0.000000
  -46.916  -46.901  -23.576  -23.573  -23.435  -23.432  -23.357  -23.327   -8.595   -7.575
   -6.931   -6.807    3.630    3.913    4.428    5.319    5.334    6.209    6.445    7.243
    7.728    8.147    8.372    8.989   11.408   11.721   12.031   12.104   12.109   13.679
   14.422   15.930   15.968   16.795   17.902   20.607   21.324   23.693   24.510   25.479
   27.424   28.618   29.103   29.204   31.279   31.314   31.650   31.923   33.511   34.468
            0.000000  0.275000  0.000000
  -46.916  -46.902  -23.571  -23.568  -23.440  -23.437  -23.356  -23.328   -8.548   -7.591
   -6.960   -6.825    3.692    3.955    4.531    5.323    5.340    6.153    6.408    7.256
    7.555    8.083    8.338    8.939   11.456   11.756   12.074   12.156   12.179   13.615
   14.522   15.898   15.938   16.706   18.039   20.537   21.429   23.681   24.476   25.441
   27.398   28.621   29.126   29.223   31.005   31.426   31.662   31.838   33.536   34.279
            0.000000  0.300000  0.000000
  -46.915  -46.902  -23.566  -23.563  -23.446  -23.443  -23.354  -23.329   -8.497   -7.613
   -6.985   -6.844    3.754    3.997    4.644    5.328    5.345    6.099    6.365    7.272
    7.377    8.017    8.314    8.885   11.504   11.785   12.116   12.200   12.256   13.547
   14.630   15.867   15.909   16.610   18.182   20.454   21.543   23.646   24.464   25.402
   27.380   28.632   29.003   29.351   30.737   31.547   31.741   31.745   33.557   34.091
            0.000000  0.325000  0.000000
  -46.914  -46.903  -23.561  -23.558  -23.452  -23.448  -23.353  -23.330   -8.443   -7.642
   -7.005   -6.864    3.815    4.036    4.767    5.334    5.350    6.048    6.318    7.196
    7.292    7.952    8.300    8.830   11.550   11.808   12.158   12.241   12.335   13.476
   14.745   15.837   15.880   16.507   18.331   20.360   21.666   23.586   24.477   25.362
   27.370   28.653   28.849   29.488   30.484   31.632   31.674   31.880   33.571   33.904
            0.000000  0.350000  0.000000
  -46.913  -46.904  -23.556  -23.552  -23.458  -23.454  -23.351  -23.332   -8.386   -7.678
   -7.019   -6.884    3.874    4.073    4.899    5.339    5.355    6.003    6.267    7.012
    7.315    7.887    8.296    8.773   11.595   11.825   12.199   12.277   12.416   13.402
   14.865   15.811   15.852   16.399   18.485   20.254   21.797   23.500   24.516   25.320
   27.372   28.676   28.685   29.633   30.246   31.512   31.807   32.050   33.575   33.721
            0.000000  0.375000  0.000000
  -46.913  -46.905  -23.550  -23.547  -23.463  -23.460  -23.350  -23.333   -8.326   -7.721
   -7.027   -6.904    3.930    4.103    5.040    5.343    5.358    5.965    6.216    6.828
    7.342    7.823    8.301    8.716   11.638   11.836   12.237   12.308   12.498   13.326
   14.991   15.788   15.825   16.284   18.641   20.137   21.934   23.393   24.574   25.274
   27.387   28.495   28.730   29.784   30.024   31.380   31.945   32.241   33.541   33.565
            0.000000  0.400000  0.000000
  -46.912  -46.905  -23.545  -23.542  -23.469  -23.466  -23.348  -23.335   -8.264   -7.771
   -7.029   -6.924    3.983    4.127    5.188    5.348    5.361    5.935    6.165    6.645
    7.373    7.760    8.316    8.659   11.677   11.840   12.271   12.332   12.581   13.247
   15.120   15.769   15.801   16.165   18.799   20.010   22.078   23.269   24.646   25.225
   27.417   28.316   28.788   29.819   29.941   31.238   32.089   32.442   33.365   33.538
            0.000000  0.425000  0.000000
  -46.911  -46.906  -23.540  -23.537  -23.474  -23.471  -23.347  -23.337   -8.201   -7.825
   -7.027   -6.943    4.030    4.143    5.342    5.352    5.362    5.912    6.119    6.466
    7.408    7.700    8.339    8.603   11.714   11.838   12.302   12.350   12.665   13.167
   15.251   15.755   15.781   16.042   18.959   19.875   22.226   23.133   24.726   25.170
   27.464   28.145   28.860   29.632   30.103   31.088   32.236   32.644   33.193   33.488
            0.000000  0.450000  0.000000
  -46.910  -46.907  -23.535  -23.533  -23.478  -23.476  -23.345  -23.338   -8.137   -7.883
   -7.020   -6.962    4.071    4.149    5.356    5.363    5.499    5.893    6.080    6.296
    7.447    7.643    8.370    8.549   11.746   11.830   12.326   12.360   12.750   13.085
   15.385   15.746   15.764   15.914   19.118   19.733   22.378   22.989   24.808   25.109
   27.529   27.986   28.948   29.461   30.268   30.931   32.387   32.838   33.025   33.413
            0.000000  0.475000  0.000000
  -46.909  -46.908  -23.532  -23.531  -23.480  -23.479  -23.343  -23.340   -8.073   -7.945
   -7.009   -6.980    4.105    4.144    5.359    5.362    5.653    5.863    6.058    6.152
    7.490    7.589    8.407    8.498   11.774   11.817   12.345   12.362   12.834   13.002
   15.519   15.742   15.752   15.784   19.277   19.585   22.532   22.840   24.890   25.042
   27.613   27.843   29.051   29.308   30.435   30.768   32.542   32.861   33.018   33.309
            0.000000  0.500000  0.000000
  -46.909  -46.909  -23.530  -23.530  -23.481  -23.481  -23.342  -23.341   -8.008   -8.008
   -6.995   -6.995    4.129    4.129    5.361    5.361    5.785    5.785    6.070    6.070
    7.538    7.538    8.450    8.450   11.798   11.798   12.357   12.357   12.918   12.918
   15.652   15.652   15.744   15.744   19.433   19.433   22.686   22.686   24.969   24.969
   27.718   27.718   29.171   29.171   30.602   30.602   32.700   32.700   33.176   33.176
            0.025000  0.500000  0.000000
  -46.909  -46.909  -23.532  -23.532  -23.479  -23.479  -23.342  -23.342   -8.009   -8.009
   -6.995   -6.994    4.124    4.124    5.360    5.360    5.772    5.772    6.093    6.093
    7.540    7.540    8.445    8.445   11.795   11.795   12.354   12.354   12.920   12.921
   15.650   15.650   15.747   15.747   19.438   19.438   22.686   22.686   24.957   24.957
   27.718   27.718   29.185   29.185   30.607   30.607   32.699   32.699   33.156   33.156
            0.050000  0.500000  0.000000
  -46.909  -46.908  -23.535  -23.535  -23.476  -23.476  -23.342  -23.342   -8.011   -8.010
   -6.992   -6.992    4.110    4.110    5.357    5.357    5.744    5.744    6.153    6.153
    7.547    7.547    8.430    8.430   11.786   11.786   12.343   12.343   12.927   12.927
   15.644   15.644   15.755   15.755   19.455   19.455   22.687   22.687   24.923   24.923
   27.717   27.717   29.226   29.227   30.619   30.619   32.696   32.696   33.095   33.095
            0.075000  0.500000  0.000000
  -46.909  -46.908  -23.541  -23.541  -23.470  -23.470  -23.342  -23.342   -8.014   -8.013
   -6.988   -6.988    4.087    4.087    5.352    5.352    5.714    5.715    6.233    6.233
    7.558    7.558    8.405    8.406   11.770   11.771   12.326   12.326   12.937   12.938
   15.633   15.633   15.767   15.767   19.483   19.483   22.687   22.687   24.869   24.869
   27.716   27.716   29.293   29.293   30.640   30.640   32.691   32.691   32.997   32.998
            0.100000  0.500000  0.000000
  -46.909  -46.908  -23.547  -23.547  -23.464  -23.464  -23.342  -23.342   -8.018   -8.017
   -6.982   -6.982    4.055    4.055    5.345    5.345    5.692    5.692    6.326    6.326
    7.573    7.573    8.372    8.372   11.749   11.750   12.303   12.303   12.952   12.952
   15.619   15.620   15.784   15.784   19.522   19.522   22.686   22.686   24.799   24.799
   27.713   27.713   29.382   29.382   30.668   30.668   32.685   32.685   32.868   32.869
            0.125000  0.500000  0.000000
  -46.909  -46.908  -23.553  -23.553  -23.458  -23.458  -23.342  -23.341   -8.022   -8.022
   -6.975   -6.975    4.017    4.017    5.337    5.337    5.678    5.678    6.425    6.425
    7.592    7.592    8.331    8.332   11.723   11.723   12.274   12.274   12.969   12.969
   15.603   15.603   15.805   15.805   19.570   19.570   22.685   22.685   24.715   24.715
   27.708   27.708   29.489   29.489   30.704   30.704   32.676   32.677   32.714   32.714
            0.150000  0.500000  0.000000
  -46.909  -46.908  -23.560  -23.560  -23.451  -23.451  -23.342  -23.341   -8.028   -8.028
   -6.967   -6.967    3.972    3.973    5.328    5.328    5.675    5.676    6.528    6.528
    7.614    7.614    8.284    8.285   11.690   11.690   12.241   12.241   12.989   12.989
   15.584   15.584   15.830   15.830   19.626   19.626   22.683   22.683   24.623   24.623
   27.701   27.701   29.609   29.609   30.748   30.748   32.542   32.542   32.667   32.667
            0.175000  0.500000  0.000000
  -46.909  -46.908  -23.567  -23.567  -23.444  -23.444  -23.342  -23.341   -8.034   -8.034
   -6.958   -6.958    3.924    3.924    5.318    5.318    5.683    5.683    6.632    6.632
    7.638    7.638    8.233    8.233   11.653   11.653   12.203   12.204   13.011   13.011
   15.563   15.563   15.856   15.856   19.690   19.690   22.679   22.679   24.525   24.525
   27.694   27.694   29.738   29.738   30.797   30.797   32.357   32.357   32.655   32.655
            0.200000  0.500000  0.000000
  -46.909  -46.908  -23.573  -23.573  -23.438  -23.438  -23.342  -23.341   -8.041   -8.041
   -6.948   -6.948    3.874    3.874    5.307    5.307    5.701    5.701    6.733    6.733
    7.665    7.665    8.179    8.179   11.611   11.611   12.163   12.163   13.034   13.035
   15.541   15.541   15.885   15.885   19.760   19.760   22.673   22.673   24.425   24.426
   27.685   27.685   29.870   29.870   30.853   30.853   32.166   32.166   32.642   32.642
            0.225000  0.500000  0.000000
  -46.909  -46.908  -23.580  -23.579  -23.432  -23.432  -23.342  -23.341   -8.048   -8.048
   -6.938   -6.938    3.822    3.822    5.295    5.295    5.729    5.729    6.827    6.827
    7.693    7.693    8.126    8.126   11.565   11.565   12.121   12.121   13.058   13.058
   15.519   15.520   15.914   15.914   19.835   19.835   22.665   22.665   24.327   24.327
   27.676   27.676   30.001   30.001   30.913   30.913   31.975   31.975   32.628   32.628
            0.250000  0.500000  0.000000
  -46.909  -46.908  -23.585  -23.585  -23.426  -23.426  -23.342  -23.341   -8.055   -8.055
   -6.928   -6.928    3.771    3.771    5.284    5.284    5.765    5.765    6.912    6.912
    7.722    7.723    8.078    8.078   11.515   11.515   12.078   12.079   13.082   13.082
   15.498   15.498   15.944   15.944   19.913   19.914   22.654   22.654   24.233   24.233
   27.667   27.667   30.126   30.126   30.978   30.978   31.788   31.788   32.613   32.613
            0.275000  0.500000  0.000000
  -46.909  -46.908  -23.591  -23.591  -23.421  -23.421  -23.342  -23.341   -8.062   -8.062
   -6.918   -6.918    3.721    3.721    5.272    5.272    5.808    5.808    6.981    6.981
    7.752    7.752    8.037    8.038   11.463   11.463   12.036   12.036   13.105   13.105
   15.478   15.478   15.973   15.974   19.993   19.993   22.639   22.639   24.145   24.145
   27.659   27.659   30.242   30.242   31.045   31.045   31.610   31.610   32.598   32.598
            0.300000  0.500000  0.000000
  -46.909  -46.908  -23.596  -23.596  -23.416  -23.416  -23.342  -23.341   -8.068   -8.068
   -6.908   -6.908    3.674    3.674    5.261    5.262    5.857    5.857    7.031    7.031
    7.780    7.780    8.010    8.011   11.410   11.411   11.994   11.995   13.126   13.127
   15.459   15.459   16.002   16.002   20.073   20.073   22.622   22.622   24.064   24.064
   27.652   27.652   30.343   30.343   31.113   31.113   31.446   31.446   32.581   32.581
            0.325000  0.500000  0.000000
  -46.909  -46.908  -23.600  -23.600  -23.411  -23.411  -23.342  -23.341   -8.074   -8.074
   -6.899   -6.899    3.630    3.630    5.251    5.251    5.911    5.911    7.057    7.057
    7.808    7.808    8.000    8.000   11.358   11.358   11.955   11.955   13.146   13.146
   15.442   15.442   16.028   16.028   20.150   20.150   22.602   22.602   23.991   23.991
   27.647   27.647   30.424   30.424   31.181   31.181   31.303   31.303   32.565   32.565
            0.350000  0.500000  0.000000
  -46.909  -46.908  -23.604  -23.604  -23.407  -23.407  -23.342  -23.341   -8.080   -8.080
   -6.891   -6.891    3.591    3.591    5.242    5.242    5.969    5.969    7.059    7.059
    7.833    7.833    8.006    8.006   11.307   11.307   11.919   11.919   13.164   13.164
   15.426   15.427   16.052   16.052   20.224   20.224   22.581   22.581   23.929   23.929
   27.643   27.643   30.480   30.480   31.187   31.187   31.247   31.247   32.548   32.548
            0.375000  0.500000  0.000000
  -46.909  -46.908  -23.608  -23.608  -23.404  -23.404  -23.342  -23.341   -8.085   -8.085
   -6.883   -6.883    3.557    3.557    5.234    5.234    6.029    6.029    7.040    7.040
    7.855    7.856    8.026    8.026   11.259   11.259   11.887   11.887   13.180   13.180
   15.414   15.414   16.073   16.073   20.291   20.291   22.559   22.559   23.876   23.876
   27.641   27.641   30.506   30.506   31.106   31.106   31.308   31.309   32.532   32.532
            0.400000  0.500000  0.000000
  -46.909  -46.908  -23.611  -23.611  -23.401  -23.401  -23.342  -23.341   -8.089   -8.089
   -6.877   -6.877    3.528    3.528    5.227    5.227    6.088    6.088    7.006    7.007
    7.875    7.875    8.053    8.053   11.216   11.217   11.860   11.860   13.193   13.193
   15.403   15.403   16.091   16.091   20.350   20.350   22.537   22.537   23.832   23.833
   27.641   27.641   30.501   30.501   31.061   31.061   31.364   31.364   32.517   32.517
            0.425000  0.500000  0.000000
  -46.909  -46.908  -23.613  -23.613  -23.399  -23.399  -23.342  -23.341   -8.092   -8.092
   -6.872   -6.872    3.505    3.506    5.222    5.222    6.143    6.143    6.967    6.967
    7.891    7.891    8.082    8.082   11.181   11.181   11.838   11.838   13.203   13.203
   15.395   15.395   16.105   16.105   20.398   20.398   22.518   22.518   23.799   23.799
   27.641   27.641   30.476   30.476   31.045   31.045   31.410   31.410   32.504   32.504
            0.450000  0.500000  0.000000
  -46.909  -46.908  -23.615  -23.615  -23.397  -23.397  -23.342  -23.341   -8.095   -8.095
   -6.868   -6.868    3.489    3.489    5.218    5.218    6.189    6.189    6.929    6.929
    7.902    7.902    8.106    8.106   11.154   11.154   11.821   11.822   13.210   13.210
   15.389   15.389   16.116   16.116   20.434   20.434   22.503   22.503   23.776   23.776
   27.642   27.642   30.447   30.447   31.043   31.043   31.445   31.445   32.494   32.494
            0.475000  0.500000  0.000000
  -46.909  -46.908  -23.616  -23.615  -23.396  -23.396  -23.342  -23.341   -8.096   -8.096
   -6.866   -6.866    3.479    3.479    5.215    5.215    6.221    6.221    6.901    6.901
    7.909    7.909    8.122    8.122   11.138   11.138   11.812   11.812   13.214   13.215
   15.386   15.386   16.122   16.122   20.457   20.457   22.494   22.494   23.762   23.762
   27.643   27.643   30.425   30.425   31.046   31.046   31.467   31.467   32.488   32.488
            0.500000  0.500000  0.000000
  -46.909  -46.908  -23.616  -23.616  -23.396  -23.396  -23.342  -23.341   -8.097   -8.097
   -6.865   -6.865    3.476    3.476    5.214    5.214    6.232    6.232    6.891    6.891
    7.912    7.912    8.127    8.127   11.132   11.132   11.808   11.808   13.216   13.216
   15.384   15.385   16.124   16.124   20.464   20.464   22.490   22.491   23.757   23.757
   27.643   27.643   30.417   30.417   31.047   31.047   31.474   31.474   32.485   32.485
            0.475000  0.475000  0.000000
  -46.909  -46.908  -23.616  -23.615  -23.397  -23.396  -23.342  -23.341   -8.101   -8.091
   -6.869   -6.864    3.476    3.489    5.215    5.217    6.184    6.236    6.887    6.934
    7.901    7.913    8.095    8.138   11.133   11.154   11.808   11.822   13.207   13.219
   15.376   15.397   16.116   16.124   20.428   20.471   22.469   22.524   23.758   23.775
   27.632   27.653   30.421   30.445   31.038   31.050   31.441   31.478   32.476   32.504
            0.450000  0.450000  0.000000
  -46.909  -46.908  -23.615  -23.611  -23.401  -23.396  -23.342  -23.341   -8.112   -8.074
   -6.880   -6.861    3.475    3.529    5.216    5.225    6.067    6.248    6.876    7.037
    7.870    7.917    8.002    8.169   11.134   11.215   11.808   11.860   13.180   13.229
   15.351   15.436   16.091   16.124   20.325   20.491   22.409   22.619   23.760   23.826
   27.602   27.682   30.433   30.526   31.013   31.059   31.346   31.488   32.449   32.558
            0.425000  0.425000  0.000000
  -46.909  -46.908  -23.615  -23.605  -23.407  -23.396  -23.343  -23.340   -8.130   -8.046
   -6.898   -6.857    3.475    3.593    5.219    5.238    5.917    6.265    6.858    7.164
    7.822    7.864    7.923    8.218   11.137   11.303   11.807   11.921   13.136   13.245
   15.310   15.499   16.051   16.125   20.172   20.522   22.316   22.759   23.763   23.905
   27.559   27.729   30.452   30.648   30.977   31.076   31.199   31.505   32.403   32.646
            0.400000  0.400000  0.000000
  -46.910  -46.908  -23.614  -23.597  -23.415  -23.397  -23.344  -23.339   -8.156   -8.009
   -6.921   -6.851    3.474    3.677    5.222    5.255    5.751    6.284    6.835    7.300
    7.700    7.759    7.932    8.283   11.141   11.406   11.806   11.997   13.076   13.267
   15.254   15.585   16.001   16.125   19.984   20.564   22.198   22.927   23.765   24.008
   27.511   27.793   30.476   30.796   30.936   31.013   31.101   31.530   32.340   32.765
            0.375000  0.375000  0.000000
  -46.910  -46.907  -23.613  -23.588  -23.424  -23.397  -23.345  -23.338   -8.190   -7.962
   -6.947   -6.843    3.473    3.779    5.226    5.275    5.580    6.296    6.810    7.435
    7.534    7.688    7.945    8.360   11.145   11.511   11.804   12.082   13.001   13.296
   15.183   15.692   15.943   16.126   19.773   20.612   22.064   23.110   23.767   24.129
   27.464   27.870   30.504   30.800   30.899   30.954   31.137   31.564   32.260   32.913
            0.350000  0.350000  0.000000
  -46.911  -46.906  -23.612  -23.576  -23.436  -23.398  -23.346  -23.337   -8.229   -7.909
   -6.974   -6.834    3.472    3.890    5.230    5.296    5.407    6.290    6.783    7.393
    7.566    7.613    7.961    8.445   11.150   11.609   11.803   12.167   12.913   13.332
   15.098   15.816   15.883   16.126   19.548   20.666   21.920   23.298   23.766   24.266
   27.424   27.957   30.527   30.572   30.874   31.106   31.186   31.605   32.165   33.085
            0.325000  0.325000  0.000000
  -46.912  -46.906  -23.611  -23.564  -23.448  -23.399  -23.347  -23.336   -8.276   -7.850
   -6.999   -6.824    3.470    4.002    5.235    5.237    5.317    6.255    6.756    7.302
    7.538    7.694    7.981    8.536   11.155   11.695   11.801   12.246   12.814   13.375
   15.003   15.827   15.954   16.127   19.313   20.720   21.774   23.485   23.762   24.414
   27.394   28.051   30.338   30.536   30.871   31.239   31.252   31.653   32.057   33.279
            0.300000  0.300000  0.000000
  -46.912  -46.905  -23.610  -23.551  -23.461  -23.399  -23.349  -23.334   -8.327   -7.790
   -7.018   -6.813    3.468    4.103    5.071    5.241    5.336    6.190    6.730    7.277
    7.468    7.818    8.007    8.628   11.159   11.762   11.799   12.308   12.707   13.424
   14.898   15.782   16.100   16.128   19.074   20.772   21.630   23.667   23.755   24.571
   27.376   28.148   30.104   30.513   30.898   31.337   31.353   31.707   31.937   33.491
            0.275000  0.275000  0.000000
  -46.913  -46.904  -23.609  -23.539  -23.472  -23.400  -23.351  -23.333   -8.382   -7.730
   -7.030   -6.801    3.464    4.179    4.912    5.247    5.351    6.115    6.705    7.313
    7.404    7.937    8.038    8.719   11.164   11.797   11.809   12.349   12.593   13.478
   14.786   15.752   16.129   16.250   18.833   20.819   21.493   23.745   23.842   24.730
   27.371   28.244   29.876   30.439   30.960   31.445   31.460   31.762   31.812   33.717
            0.250000  0.250000  0.000000
  -46.914  -46.903  -23.608  -23.531  -23.480  -23.401  -23.352  -23.331   -8.441   -7.676
   -7.031   -6.789    3.460    4.215    4.761    5.253    5.361    6.060    6.683    7.350
    7.398    8.051    8.076    8.806   11.167   11.795   11.834   12.363   12.475   13.538
   14.671   15.742   16.130   16.399   18.593   20.857   21.367   23.731   24.008   24.889
   27.378   28.334   29.658   30.305   31.062   31.579   31.580   31.670   31.832   33.953
            0.225000  0.225000  0.000000
  -46.915  -46.902  -23.606  -23.531  -23.479  -23.402  -23.354  -23.329   -8.500   -7.630
   -7.018   -6.777    3.454    4.202    4.620    5.259    5.366    6.045    6.662    7.306
    7.517    8.119    8.161    8.888   11.169   11.793   11.837   12.348   12.356   13.601
   14.556   15.754   16.131   16.544   18.359   20.885   21.254   23.716   24.162   25.043
   27.396   28.416   29.453   30.118   31.206   31.532   31.724   31.744   31.896   34.079
            0.200000  0.200000  0.000000
  -46.916  -46.902  -23.605  -23.539  -23.471  -23.402  -23.356  -23.328   -8.559   -7.596
   -6.992   -6.765    3.445    4.143    4.490    5.265    5.365    6.076    6.644    7.273
    7.662    8.169    8.267    8.962   11.170   11.791   11.816   12.238   12.305   13.667
   14.443   15.785   16.132   16.680   18.135   20.901   21.155   23.701   24.305   25.187
   27.424   28.488   29.264   29.900   31.390   31.395   31.899   31.940   31.960   34.138
            0.175000  0.175000  0.000000
  -46.916  -46.901  -23.604  -23.550  -23.459  -23.403  -23.357  -23.326   -8.616   -7.573
   -6.953   -6.753    3.433    4.054    4.372    5.271    5.358    6.141    6.628    7.248
    7.826    8.224    8.366    9.028   11.170   11.774   11.790   12.123   12.240   13.733
   14.337   15.831   16.132   16.804   17.925   20.906   21.070   23.686   24.436   25.318
   27.460   28.549   29.093   29.672   31.261   31.612   32.022   32.101   32.172   34.217
            0.150000  0.150000  0.000000
  -46.917  -46.900  -23.603  -23.562  -23.447  -23.404  -23.359  -23.325   -8.669   -7.560
   -6.906   -6.743    3.415    3.953    4.268    5.276    5.348    6.226    6.614    7.232
    8.002    8.284    8.459    9.086   11.167   11.713   11.788   12.016   12.159   13.797
   14.239   15.888   16.133   16.915   17.732   20.900   20.999   23.674   24.551   25.434
   27.500   28.600   28.942   29.449   31.136   31.865   32.081   32.323   32.441   34.305
            0.125000  0.125000  0.000000
  -46.918  -46.900  -23.602  -23.572  -23.435  -23.404  -23.360  -23.323   -8.717   -7.553
   -6.857   -6.733    3.389    3.857    4.178    5.280    5.335    6.317    6.603    7.222
    8.182    8.344    8.543    9.134   11.161   11.638   11.787   11.917   12.070   13.856
   14.152   15.950   16.134   17.011   17.563   20.887   20.942   23.664   24.652   25.533
   27.543   28.639   28.812   29.244   31.023   32.134   32.140   32.556   32.749   34.399
            0.100000  0.100000  0.000000
  -46.918  -46.899  -23.601  -23.582  -23.425  -23.405  -23.361  -23.322   -8.757   -7.550
   -6.809   -6.725    3.355    3.779    4.103    5.284    5.322    6.402    6.594    7.215
    8.357    8.403    8.616    9.172   11.151   11.557   11.785   11.832   11.982   13.910
   14.077   16.009   16.134   17.090   17.419   20.869   20.897   23.657   24.736   25.613
   27.585   28.670   28.704   29.065   30.924   32.180   32.428   32.787   33.098   34.498
            0.075000  0.075000  0.000000
  -46.919  -46.899  -23.600  -23.589  -23.417  -23.405  -23.362  -23.321   -8.790   -7.550
   -6.768   -6.718    3.317    3.723    4.045    5.288    5.310    6.476    6.587    7.212
    8.455    8.516    8.678    9.201   11.136   11.481   11.761   11.784   11.902   13.954
   14.016   16.061   16.135   17.152   17.306   20.851   20.862   23.651   24.803   25.675
   27.624   28.619   28.692   28.918   30.844   32.218   32.718   32.998   33.481   34.607
            0.050000  0.050000  0.000000
  -46.919  -46.898  -23.600  -23.595  -23.411  -23.406  -23.363  -23.321   -8.814   -7.551
   -6.736   -6.713    3.280    3.687    4.002    5.290    5.300    6.531    6.582    7.211
    8.497    8.646    8.724    9.221   11.117   11.421   11.709   11.784   11.838   13.972
   13.988   16.101   16.135   17.191   17.229   20.835   20.839   23.648   24.851   25.718
   27.657   28.559   28.707   28.809   30.785   32.245   32.993   33.168   33.883   34.722
            0.025000  0.025000  0.000000
  -46.919  -46.898  -23.599  -23.598  -23.407  -23.406  -23.363  -23.320   -8.829   -7.551
   -6.716   -6.710    3.255    3.669    3.977    5.291    5.294    6.566    6.579    7.210
    8.524    8.732    8.752    9.232   11.098   11.384   11.676   11.783   11.797   13.944
   14.008   16.127   16.135   17.167   17.230   20.824   20.825   23.647   24.880   25.744
   27.678   28.522   28.716   28.742   30.749   32.262   33.219   33.278   34.218   34.754
            0.000000  0.000000  0.000000
  -46.919  -46.898  -23.599  -23.599  -23.406  -23.406  -23.363  -23.320   -8.834   -7.552
   -6.709   -6.709    3.245    3.663    3.968    5.292    5.292    6.578    6.578    7.210
    8.534    8.762    8.762    9.236   11.090   11.372   11.665   11.783   11.783   13.935
   14.015   16.136   16.136   17.151   17.237   20.820   20.820   23.646   24.890   25.753
   27.686   28.509   28.719   28.719   30.737   32.268   33.315   33.315   34.297   34.864
            0.000000  0.000000  0.038903
  -46.919  -46.898  -23.598  -23.598  -23.406  -23.406  -23.366  -23.324   -8.827   -7.547
   -6.713   -6.713    3.255    3.670    3.976    5.281    5.281    6.595    6.595    7.188
    8.501    8.748    8.748    9.233   11.111   11.380   11.660   11.792   11.792   13.945
   14.010   16.124   16.124   17.162   17.236   20.849   20.849   23.648   24.882   25.761
   27.682   28.465   28.711   28.711   30.703   32.276   33.324   33.324   34.368   34.732
            0.000000  0.000000  0.077806
  -46.918  -46.897  -23.596  -23.596  -23.405  -23.405  -23.376  -23.334   -8.804   -7.534
   -6.724   -6.724    3.285    3.693    3.998    5.249    5.250    6.644    6.644    7.123
    8.409    8.707    8.707    9.224   11.170   11.405   11.645   11.819   11.819   13.975
   13.994   16.090   16.090   17.163   17.265   20.933   20.933   23.652   24.860   25.788
   27.669   28.338   28.686   28.686   30.605   32.298   33.346   33.346   34.469   34.469
            0.000000  0.000000  0.116708
  -46.916  -46.896  -23.592  -23.592  -23.405  -23.404  -23.393  -23.351   -8.768   -7.512
   -6.742   -6.742    3.333    3.731    4.036    5.204    5.204    6.719    6.719    7.019
    8.265    8.639    8.639    9.208   11.260   11.442   11.622   11.863   11.863   13.967
   14.024   16.039   16.039   17.122   17.354   21.068   21.068   23.659   24.821   25.832
   27.652   28.147   28.644   28.644   30.450   32.334   33.371   33.371   34.200   34.200
            0.000000  0.000000  0.155611
  -46.914  -46.894  -23.586  -23.586  -23.415  -23.403  -23.403  -23.375   -8.717   -7.483
   -6.767   -6.767    3.400    3.782    4.089    5.153    5.153    6.811    6.811    6.883
    8.083    8.548    8.548    9.183   11.371   11.489   11.593   11.922   11.922   13.929
   14.089   15.974   15.974   17.055   17.485   21.248   21.248   23.670   24.763   25.892
   27.632   27.912   28.584   28.584   30.250   32.381   33.367   33.367   33.988   33.989
            0.000000  0.000000  0.194514
  -46.911  -46.891  -23.579  -23.579  -23.442  -23.403  -23.402  -23.402   -8.654   -7.447
   -6.797   -6.797    3.485    3.846    4.156    5.100    5.100    6.722    6.912    6.912
    7.873    8.437    8.437    9.147   11.495   11.542   11.560   11.993   11.993   13.881
   14.167   15.903   15.903   16.968   17.649   21.465   21.465   23.684   24.685   25.967
   27.614   27.652   28.505   28.505   30.016   32.434   33.275   33.275   33.903   33.903
            0.000000  0.000000  0.233417
  -46.908  -46.889  -23.571  -23.571  -23.473  -23.437  -23.401  -23.401   -8.579   -7.405
   -6.833   -6.833    3.585    3.921    4.238    5.052    5.052    6.542    7.018    7.018
    7.644    8.308    8.308    9.098   11.529   11.599   11.625   12.074   12.075   13.823
   14.255   15.830   15.830   16.862   17.842   21.712   21.712   23.702   24.585   26.056
   27.381   27.597   28.407   28.407   29.762   32.489   33.102   33.102   33.942   33.942
            0.000000  0.000000  0.272320
  -46.904  -46.886  -23.561  -23.561  -23.509  -23.474  -23.399  -23.399   -8.493   -7.360
   -6.873   -6.873    3.698    4.006    4.335    5.012    5.012    6.352    7.123    7.123
    7.405    8.165    8.165    9.032   11.502   11.656   11.757   12.163   12.164   13.755
   14.349   15.761   15.761   16.739   18.060   21.980   21.980   23.724   24.462   26.157
   27.108   27.584   28.289   28.289   29.498   32.532   32.906   32.906   34.043   34.043
            0.000000  0.000000  0.311223
  -46.900  -46.883  -23.551  -23.551  -23.547  -23.515  -23.398  -23.398   -8.398   -7.313
   -6.916   -6.916    3.823    4.097    4.445    4.981    4.981    6.158    7.163    7.224
    7.224    8.011    8.011    8.947   11.485   11.714   11.889   12.257   12.258   13.678
   14.445   15.699   15.699   16.600   18.299   22.264   22.264   23.752   24.319   26.268
   26.842   27.570   28.154   28.154   29.234   32.536   32.719   32.719   34.171   34.171
            0.000000  0.000000  0.350125
  -46.896  -46.879  -23.587  -23.557  -23.540  -23.540  -23.396  -23.396   -8.296   -7.265
   -6.962   -6.962    3.955    4.193    4.570    4.962    4.962    5.966    6.923    7.319
    7.319    7.849    7.849    8.841   11.479   11.771   12.017   12.354   12.354   13.592
   14.539   15.646   15.646   16.448   18.554   22.556   22.556   23.784   24.156   26.386
   26.584   27.554   28.004   28.004   28.980   32.455   32.553   32.553   34.305   34.305
            0.000000  0.000000  0.389028
  -46.891  -46.876  -23.627  -23.600  -23.528  -23.528  -23.395  -23.395   -8.188   -7.218
   -7.008   -7.008    4.092    4.289    4.707    4.956    4.956    5.782    6.690    7.403
    7.403    7.682    7.682    8.714   11.487   11.829   12.141   12.451   12.451   13.498
   14.628   15.606   15.606   16.286   18.823   22.850   22.850   23.823   23.977   26.339
   26.508   27.533   27.844   27.844   28.741   32.244   32.410   32.410   34.286   34.432
            0.000000  0.000000  0.427931
  -46.886  -46.872  -23.667  -23.643  -23.516  -23.516  -23.394  -23.394   -8.076   -7.175
   -7.055   -7.055    4.228    4.382    4.857    4.962    4.962    5.613    6.469    7.467
    7.467    7.524    7.524    8.567   11.512   11.887   12.257   12.546   12.546   13.397
   14.709   15.577   15.577   16.117   19.101   23.141   23.141   23.784   23.867   26.107
   26.632   27.504   27.677   27.677   28.526   31.913   32.291   32.291   34.334   34.536
            0.000000  0.000000  0.466834
  -46.882  -46.869  -23.706  -23.684  -23.504  -23.504  -23.393  -23.393   -7.962   -7.137
   -7.100   -7.100    4.356    4.468    4.980    4.980    5.020    5.467    6.266    7.334
    7.334    7.551    7.551    8.399   11.552   11.947   12.364   12.636   12.636   13.288
   14.781   15.560   15.560   15.945   19.386   23.423   23.423   23.579   23.918   25.890
   26.751   27.466   27.508   27.508   28.341   31.516   32.195   32.195   34.513   34.604
            0.000000  0.000000  0.505737
  -46.877  -46.866  -23.742  -23.723  -23.492  -23.492  -23.393  -23.393   -7.848   -7.143
   -7.143   -7.107    4.466    4.541    5.010    5.010    5.194    5.352    6.085    7.167
    7.167    7.606    7.606    8.215   11.607   12.010   12.458   12.720   12.720   13.174
   14.841   15.554   15.554   15.775   19.674   23.365   23.692   23.692   23.976   25.686
   26.860   27.341   27.341   27.419   28.196   31.096   32.123   32.123   34.627   34.627
            0.000000  0.000000  0.544640
  -46.873  -46.864  -23.776  -23.759  -23.480  -23.480  -23.393  -23.393   -7.736   -7.183
   -7.183   -7.085    4.545    4.596    5.050    5.050    5.282    5.379    5.931    7.004
    7.004    7.652    7.652    8.015   11.676   12.076   12.535   12.795   12.795   13.055
   14.890   15.556   15.557   15.613   19.965   23.142   23.942   23.942   24.041   25.495
   26.952   27.181   27.181   27.365   28.100   30.680   32.071   32.071   34.604   34.604
            0.000000  0.000000  0.583542
  -46.870  -46.861  -23.805  -23.791  -23.470  -23.470  -23.394  -23.394   -7.627   -7.218
   -7.218   -7.073    4.584    4.629    5.099    5.099    5.265    5.574    5.808    6.850
    6.850    7.689    7.689    7.804   11.758   12.146   12.593   12.860   12.860   12.933
   14.928   15.464   15.565   15.566   20.256   22.912   24.114   24.168   24.168   25.317
   27.017   27.033   27.033   27.308   28.064   30.282   32.039   32.039   34.542   34.542
            0.000000  0.000000  0.622445
  -46.866  -46.860  -23.830  -23.819  -23.460  -23.459  -23.395  -23.395   -7.524   -7.248
   -7.248   -7.073    4.587    4.638    5.153    5.153    5.293    5.716    5.778    6.709
    6.709    7.584    7.719    7.719   11.851   12.221   12.628   12.807   12.915   12.915
   14.957   15.334   15.578   15.578   20.545   22.675   24.195   24.365   24.365   25.152
   26.900   26.900   27.053   27.251   28.093   29.908   32.024   32.024   34.456   34.456
            0.000000  0.000000  0.661348
  -46.863  -46.858  -23.850  -23.841  -23.451  -23.451  -23.397  -23.397   -7.428   -7.272
   -7.272   -7.085    4.574    4.628    5.207    5.207    5.346    5.649    5.990    6.585
    6.585    7.357    7.740    7.740   11.953   12.299   12.637   12.680   12.958   12.958
   14.978   15.227   15.591   15.592   20.831   22.431   24.283   24.528   24.528   24.998
   26.788   26.788   27.066   27.197   28.182   29.563   32.021   32.021   34.363   34.363
            0.000000  0.000000  0.700251
  -46.861  -46.858  -23.864  -23.858  -23.444  -23.443  -23.400  -23.399   -7.342   -7.290
   -7.290   -7.111    4.561    4.607    5.256    5.256    5.407    5.600    6.210    6.487
    6.487    7.127    7.755    7.755   12.064   12.378   12.553   12.621   12.989   12.989
   14.996   15.144   15.603   15.603   21.113   22.180   24.380   24.652   24.652   24.855
   26.701   26.701   27.070   27.151   28.322   29.250   32.025   32.025   34.282   34.282
            0.000000  0.000000  0.739154
  -46.859  -46.857  -23.871  -23.869  -23.439  -23.438  -23.401  -23.401   -7.300   -7.300
   -7.266   -7.149    4.556    4.583    5.291    5.291    5.464    5.558    6.422    6.422
    6.434    6.895    7.764    7.764   12.180   12.426   12.455   12.582   13.007   13.008
   15.016   15.084   15.611   15.611   21.389   21.923   24.485   24.722   24.729   24.729
   26.646   26.646   27.075   27.114   28.502   28.968   32.030   32.030   34.227   34.227
            0.000000  0.000000  0.778057
  -46.858  -46.858  -23.873  -23.873  -23.437  -23.437  -23.402  -23.402   -7.304   -7.304
   -7.201   -7.201    4.564    4.564    5.303    5.303    5.514    5.514    6.399    6.399
    6.663    6.663    7.767    7.767   12.301   12.301   12.525   12.525   13.014   13.014
   15.043   15.043   15.613   15.614   21.659   21.659   24.599   24.599   24.755   24.755
   26.627   26.627   27.089   27.089   28.719   28.719   32.033   32.033   34.207   34.207
            0.000000  0.025000  0.778057
  -46.858  -46.858  -23.873  -23.873  -23.437  -23.437  -23.402  -23.402   -7.314   -7.314
   -7.191   -7.191    4.562    4.562    5.279    5.280    5.537    5.537    6.401    6.401
    6.671    6.671    7.764    7.764   12.293   12.293   12.525   12.525   13.017   13.017
   15.035   15.035   15.626   15.626   21.657   21.657   24.573   24.573   24.777   24.777
   26.624   26.624   27.090   27.090   28.720   28.720   32.029   32.029   34.214   34.214
            0.000000  0.050000  0.778057
  -46.858  -46.858  -23.874  -23.873  -23.437  -23.436  -23.402  -23.402   -7.337   -7.337
   -7.168   -7.168    4.553    4.553    5.228    5.228    5.586    5.586    6.405    6.405
    6.695    6.695    7.755    7.755   12.270   12.270   12.526   12.526   13.027   13.027
   15.011   15.011   15.660   15.660   21.651   21.651   24.517   24.517   24.823   24.823
   26.617   26.617   27.093   27.093   28.724   28.724   32.017   32.018   34.234   34.234
            0.000000  0.075000  0.778057
  -46.858  -46.858  -23.874  -23.874  -23.436  -23.436  -23.402  -23.402   -7.364   -7.364
   -7.139   -7.139    4.538    4.538    5.171    5.171    5.640    5.640    6.412    6.412
    6.735    6.735    7.741    7.741   12.232   12.233   12.526   12.527   13.042   13.042
   14.976   14.976   15.711   15.711   21.642   21.642   24.448   24.448   24.875   24.875
   26.601   26.601   27.101   27.101   28.731   28.731   32.001   32.001   34.267   34.267
            0.000000  0.100000  0.778057
  -46.858  -46.858  -23.875  -23.874  -23.436  -23.435  -23.402  -23.402   -7.393   -7.393
   -7.109   -7.109    4.514    4.514    5.118    5.118    5.690    5.690    6.422    6.422
    6.790    6.790    7.722    7.722   12.183   12.183   12.528   12.528   13.061   13.061
   14.936   14.936   15.774   15.774   21.629   21.630   24.372   24.372   24.928   24.928
   26.576   26.576   27.115   27.115   28.737   28.737   31.981   31.981   34.312   34.312
            0.000000  0.125000  0.778057
  -46.858  -46.858  -23.875  -23.875  -23.435  -23.435  -23.402  -23.402   -7.422   -7.422
   -7.078   -7.078    4.482    4.482    5.075    5.075    5.732    5.732    6.434    6.434
    6.860    6.860    7.698    7.698   12.123   12.124   12.529   12.529   13.082   13.082
   14.892   14.892   15.845   15.845   21.614   21.614   24.291   24.291   24.982   24.982
   26.540   26.540   27.137   27.137   28.742   28.742   31.962   31.962   34.369   34.369
            0.000000  0.150000  0.778057
  -46.858  -46.858  -23.876  -23.876  -23.434  -23.434  -23.402  -23.402   -7.450   -7.450
   -7.048   -7.048    4.442    4.442    5.043    5.043    5.767    5.767    6.449    6.449
    6.942    6.942    7.669    7.669   12.055   12.055   12.531   12.531   13.104   13.104
   14.849   14.849   15.922   15.922   21.597   21.598   24.207   24.207   25.035   25.035
   26.494   26.494   27.167   27.167   28.742   28.742   31.948   31.948   34.435   34.435
            0.000000  0.175000  0.778057
  -46.858  -46.858  -23.877  -23.877  -23.434  -23.433  -23.402  -23.402   -7.477   -7.477
   -7.018   -7.018    4.394    4.394    5.022    5.022    5.795    5.795    6.467    6.467
    7.034    7.034    7.637    7.637   11.980   11.981   12.532   12.533   13.126   13.127
   14.806   14.806   16.002   16.002   21.579   21.579   24.121   24.121   25.086   25.086
   26.443   26.443   27.201   27.201   28.735   28.735   31.944   31.944   34.509   34.509
            0.000000  0.200000  0.778057
  -46.858  -46.858  -23.878  -23.878  -23.433  -23.432  -23.402  -23.402   -7.503   -7.503
   -6.989   -6.989    4.341    4.341    5.010    5.010    5.816    5.816    6.486    6.486
    7.134    7.134    7.601    7.601   11.900   11.900   12.534   12.534   13.148   13.148
   14.765   14.765   16.083   16.083   21.561   21.561   24.033   24.033   25.135   25.135
   26.390   26.391   27.238   27.238   28.719   28.719   31.953   31.954   34.588   34.589
            0.000000  0.225000  0.778057
  -46.858  -46.858  -23.879  -23.879  -23.432  -23.432  -23.402  -23.402   -7.528   -7.528
   -6.962   -6.962    4.285    4.285    5.006    5.006    5.832    5.832    6.508    6.508
    7.236    7.236    7.566    7.566   11.816   11.816   12.536   12.536   13.169   13.169
   14.726   14.726   16.164   16.164   21.543   21.543   23.946   23.946   25.179   25.179
   26.342   26.342   27.275   27.275   28.690   28.690   31.979   31.979   34.671   34.671
            0.000000  0.250000  0.778057
  -46.858  -46.858  -23.880  -23.880  -23.431  -23.431  -23.402  -23.402   -7.551   -7.551
   -6.936   -6.936    4.229    4.229    5.008    5.008    5.843    5.843    6.532    6.532
    7.330    7.330    7.538    7.538   11.730   11.730   12.538   12.538   13.189   13.189
   14.690   14.690   16.243   16.244   21.525   21.525   23.860   23.860   25.215   25.215
   26.303   26.303   27.311   27.311   28.649   28.649   32.021   32.021   34.753   34.753
            0.000000  0.275000  0.778057
  -46.858  -46.858  -23.881  -23.881  -23.430  -23.430  -23.402  -23.401   -7.572   -7.572
   -6.912   -6.912    4.175    4.175    5.014    5.015    5.852    5.852    6.557    6.557
    7.386    7.386    7.548    7.548   11.642   11.642   12.540   12.540   13.207   13.207
   14.657   14.657   16.320   16.320   21.509   21.509   23.777   23.777   25.241   25.241
   26.278   26.278   27.343   27.343   28.596   28.596   32.079   32.080   34.834   34.834
            0.000000  0.300000  0.778057
  -46.858  -46.858  -23.882  -23.882  -23.429  -23.429  -23.402  -23.401   -7.591   -7.591
   -6.889   -6.889    4.123    4.123    5.023    5.023    5.858    5.858    6.584    6.584
    7.375    7.375    7.621    7.621   11.555   11.555   12.542   12.542   13.224   13.224
   14.627   14.627   16.393   16.393   21.495   21.495   23.696   23.696   25.255   25.255
   26.271   26.271   27.371   27.371   28.534   28.534   32.152   32.152   34.912   34.912
            0.000000  0.325000  0.778057
  -46.858  -46.858  -23.883  -23.882  -23.428  -23.428  -23.401  -23.401   -7.609   -7.609
   -6.869   -6.869    4.076    4.076    5.033    5.033    5.863    5.863    6.613    6.613
    7.337    7.337    7.716    7.716   11.471   11.471   12.543   12.543   13.239   13.239
   14.600   14.600   16.461   16.461   21.483   21.483   23.621   23.621   25.258   25.258
   26.283   26.283   27.391   27.391   28.464   28.464   32.233   32.233   34.985   34.985
            0.000000  0.350000  0.778057
  -46.858  -46.858  -23.884  -23.883  -23.428  -23.427  -23.401  -23.401   -7.624   -7.624
   -6.852   -6.852    4.033    4.033    5.044    5.044    5.866    5.866    6.644    6.644
    7.292    7.292    7.811    7.811   11.390   11.390   12.545   12.545   13.252   13.252
   14.577   14.577   16.522   16.522   21.474   21.474   23.551   23.551   25.251   25.251
   26.312   26.312   27.404   27.404   28.393   28.393   32.319   32.319   35.053   35.053
            0.000000  0.375000  0.778057
  -46.858  -46.858  -23.884  -23.884  -23.427  -23.427  -23.401  -23.401   -7.637   -7.637
   -6.836   -6.836    3.996    3.996    5.054    5.054    5.868    5.868    6.675    6.675
    7.245    7.245    7.900    7.900   11.317   11.317   12.546   12.546   13.263   13.263
   14.557   14.557   16.576   16.576   21.466   21.466   23.489   23.489   25.237   25.237
   26.354   26.354   27.409   27.409   28.324   28.324   32.404   32.404   35.114   35.114
            0.000000  0.400000  0.778057
  -46.858  -46.858  -23.885  -23.885  -23.426  -23.426  -23.401  -23.401   -7.647   -7.647
   -6.824   -6.824    3.966    3.966    5.063    5.063    5.870    5.870    6.706    6.706
    7.200    7.200    7.978    7.978   11.252   11.252   12.547   12.547   13.273   13.273
   14.541   14.541   16.621   16.621   21.460   21.460   23.436   23.436   25.220   25.220
   26.403   26.403   27.404   27.404   28.261   28.261   32.482   32.482   35.168   35.168
            0.000000  0.425000  0.778057
  -46.858  -46.858  -23.885  -23.885  -23.426  -23.426  -23.401  -23.401   -7.656   -7.656
   -6.814   -6.814    3.941    3.941    5.071    5.071    5.871    5.871    6.736    6.736
    7.158    7.158    8.043    8.043   11.198   11.198   12.548   12.548   13.280   13.280
   14.528   14.528   16.657   16.658   21.456   21.456   23.392   23.392   25.203   25.203
   26.454   26.454   27.392   27.392   28.210   28.210   32.548   32.548   35.213   35.213
            0.000000  0.450000  0.778057
  -46.858  -46.858  -23.886  -23.886  -23.426  -23.425  -23.401  -23.401   -7.662   -7.662
   -6.807   -6.806    3.924    3.924    5.076    5.076    5.872    5.872    6.763    6.763
    7.123    7.123    8.091    8.091   11.158   11.158   12.548   12.549   13.285   13.285
   14.518   14.519   16.684   16.684   21.454   21.454   23.361   23.361   25.190   25.190
   26.499   26.499   27.376   27.376   28.172   28.172   32.599   32.599   35.247   35.247
            0.000000  0.475000  0.778057
  -46.858  -46.858  -23.886  -23.886  -23.425  -23.425  -23.401  -23.401   -7.665   -7.665
   -6.802   -6.802    3.913    3.913    5.080    5.080    5.873    5.873    6.782    6.782
    7.099    7.099    8.121    8.121   11.133   11.133   12.549   12.549   13.288   13.288
   14.513   14.513   16.700   16.700   21.452   21.452   23.341   23.341   25.181   25.181
   26.530   26.530   27.363   27.363   28.150   28.150   32.630   32.630   35.269   35.269
            0.000000  0.500000  0.778057
  -46.858  -46.858  -23.886  -23.886  -23.425  -23.425  -23.401  -23.401   -7.667   -7.667
   -6.801   -6.801    3.910    3.910    5.081    5.081    5.873    5.873    6.789    6.789
    7.090    7.090    8.131    8.131   11.124   11.124   12.549   12.549   13.289   13.289
   14.511   14.511   16.705   16.705   21.452   21.452   23.335   23.335   25.178   25.178
   26.542   26.542   27.357   27.357   28.142   28.142   32.641   32.641   35.276   35.276
            0.025000  0.500000  0.778057
  -46.858  -46.858  -23.886  -23.886  -23.425  -23.425  -23.401  -23.401   -7.666   -7.666
   -6.802   -6.802    3.910    3.911    5.080    5.080    5.868    5.868    6.779    6.779
    7.104    7.105    8.133    8.133   11.127   11.127   12.549   12.549   13.286   13.286
   14.514   14.514   16.702   16.702   21.449   21.449   23.322   23.322   25.186   25.186
   26.549   26.550   27.331   27.331   28.168   28.168   32.638   32.638   35.268   35.268
            0.050000  0.500000  0.778057
  -46.858  -46.858  -23.886  -23.886  -23.426  -23.425  -23.401  -23.401   -7.662   -7.662
   -6.805   -6.805    3.913    3.913    5.077    5.077    5.855    5.855    6.753    6.753
    7.143    7.143    8.139    8.139   11.136   11.137   12.549   12.550   13.277   13.277
   14.522   14.522   16.690   16.690   21.441   21.441   23.288   23.288   25.210   25.210
   26.574   26.574   27.261   27.261   28.236   28.236   32.628   32.628   35.242   35.242
            0.075000  0.500000  0.778057
  -46.858  -46.858  -23.885  -23.885  -23.426  -23.426  -23.401  -23.401   -7.657   -7.657
   -6.811   -6.811    3.917    3.917    5.071    5.071    5.835    5.835    6.722    6.722
    7.195    7.195    8.149    8.149   11.152   11.152   12.550   12.550   13.261   13.261
   14.536   14.536   16.671   16.671   21.427   21.427   23.237   23.237   25.240   25.240
   26.615   26.615   27.167   27.167   28.328   28.328   32.613   32.613   35.202   35.202
            0.100000  0.500000  0.778057
  -46.858  -46.858  -23.885  -23.885  -23.427  -23.426  -23.401  -23.401   -7.649   -7.649
   -6.819   -6.819    3.924    3.924    5.062    5.062    5.808    5.808    6.689    6.689
    7.255    7.255    8.162    8.162   11.173   11.173   12.551   12.551   13.240   13.240
   14.556   14.556   16.645   16.645   21.406   21.406   23.177   23.177   25.268   25.268
   26.675   26.675   27.064   27.064   28.430   28.430   32.594   32.594   35.149   35.149
            0.125000  0.500000  0.778057
  -46.858  -46.858  -23.884  -23.884  -23.427  -23.427  -23.402  -23.401   -7.640   -7.640
   -6.829   -6.829    3.932    3.932    5.050    5.050    5.777    5.777    6.658    6.658
    7.318    7.318    8.180    8.180   11.200   11.200   12.552   12.552   13.212   13.212
   14.581   14.581   16.612   16.612   21.377   21.377   23.115   23.115   25.283   25.283
   26.754   26.754   26.964   26.964   28.532   28.532   32.574   32.574   35.085   35.085
            0.150000  0.500000  0.778057
  -46.858  -46.858  -23.883  -23.883  -23.428  -23.428  -23.402  -23.402   -7.628   -7.628
   -6.841   -6.841    3.941    3.941    5.033    5.033    5.744    5.744    6.629    6.629
    7.382    7.382    8.201    8.201   11.232   11.232   12.553   12.553   13.179   13.179
   14.612   14.612   16.572   16.572   21.340   21.340   23.059   23.059   25.279   25.279
   26.850   26.850   26.873   26.873   28.628   28.628   32.555   32.555   35.014   35.014
            0.175000  0.500000  0.778057
  -46.858  -46.858  -23.882  -23.882  -23.429  -23.429  -23.402  -23.402   -7.615   -7.615
   -6.855   -6.855    3.953    3.953    5.012    5.012    5.711    5.711    6.603    6.603
    7.444    7.444    8.226    8.226   11.269   11.269   12.555   12.555   13.140   13.140
   14.649   14.649   16.525   16.525   21.295   21.295   23.013   23.013   25.249   25.249
   26.792   26.792   26.964   26.964   28.716   28.716   32.540   32.540   34.936   34.936
            0.200000  0.500000  0.778057
  -46.858  -46.858  -23.881  -23.881  -23.430  -23.430  -23.402  -23.402   -7.600   -7.600
   -6.871   -6.871    3.967    3.967    4.985    4.985    5.681    5.681    6.580    6.580
    7.504    7.504    8.254    8.254   11.311   11.311   12.556   12.556   13.096   13.097
   14.690   14.690   16.472   16.472   21.241   21.241   22.980   22.980   25.194   25.194
   26.729   26.729   27.089   27.089   28.791   28.791   32.533   32.533   34.855   34.855
            0.225000  0.500000  0.778057
  -46.858  -46.858  -23.880  -23.880  -23.431  -23.431  -23.403  -23.402   -7.583   -7.583
   -6.888   -6.888    3.983    3.983    4.953    4.953    5.654    5.654    6.558    6.558
    7.559    7.559    8.285    8.285   11.357   11.357   12.558   12.558   13.048   13.048
   14.738   14.738   16.413   16.413   21.181   21.181   22.963   22.963   25.116   25.116
   26.681   26.681   27.222   27.222   28.852   28.852   32.535   32.535   34.772   34.772
            0.250000  0.500000  0.778057
  -46.858  -46.858  -23.879  -23.879  -23.432  -23.432  -23.403  -23.403   -7.565   -7.565
   -6.906   -6.906    4.002    4.002    4.914    4.914    5.632    5.632    6.538    6.538
    7.611    7.611    8.318    8.319   11.408   11.408   12.559   12.559   12.995   12.995
   14.790   14.790   16.349   16.349   21.116   21.116   22.961   22.962   25.018   25.018
   26.647   26.647   27.359   27.359   28.898   28.898   32.549   32.549   34.687   34.687
            0.275000  0.500000  0.778057
  -46.858  -46.858  -23.878  -23.878  -23.434  -23.433  -23.403  -23.403   -7.546   -7.546
   -6.926   -6.926    4.022    4.022    4.871    4.871    5.615    5.615    6.520    6.520
    7.657    7.657    8.353    8.353   11.461   11.461   12.561   12.561   12.939   12.939
   14.847   14.847   16.281   16.281   21.049   21.049   22.975   22.976   24.905   24.905
   26.625   26.625   27.496   27.496   28.929   28.929   32.576   32.576   34.600   34.600
            0.300000  0.500000  0.778057
  -46.858  -46.858  -23.877  -23.877  -23.435  -23.434  -23.403  -23.403   -7.527   -7.527
   -6.946   -6.946    4.045    4.045    4.825    4.825    5.602    5.602    6.503    6.503
    7.699    7.699    8.388    8.388   11.517   11.517   12.562   12.563   12.880   12.880
   14.909   14.909   16.208   16.208   20.981   20.981   23.004   23.004   24.782   24.782
   26.612   26.612   27.629   27.629   28.945   28.945   32.616   32.616   34.513   34.513
            0.325000  0.500000  0.778057
  -46.858  -46.858  -23.876  -23.876  -23.436  -23.435  -23.404  -23.403   -7.507   -7.507
   -6.967   -6.967    4.070    4.070    4.775    4.775    5.594    5.594    6.487    6.487
    7.735    7.735    8.422    8.422   11.575   11.575   12.564   12.564   12.819   12.820
   14.975   14.975   16.131   16.131   20.916   20.916   23.046   23.046   24.652   24.652
   26.605   26.605   27.756   27.756   28.947   28.947   32.669   32.669   34.426   34.426
            0.350000  0.500000  0.778057
  -46.858  -46.858  -23.875  -23.875  -23.437  -23.436  -23.404  -23.403   -7.487   -7.487
   -6.988   -6.988    4.097    4.097    4.724    4.724    5.589    5.589    6.473    6.473
    7.767    7.767    8.454    8.454   11.634   11.634   12.565   12.565   12.758   12.758
   15.045   15.045   16.051   16.051   20.855   20.855   23.099   23.099   24.519   24.519
   26.603   26.603   27.875   27.875   28.937   28.937   32.732   32.732   34.338   34.338
            0.375000  0.500000  0.778057
  -46.858  -46.858  -23.874  -23.874  -23.438  -23.437  -23.404  -23.404   -7.468   -7.467
   -7.007   -7.007    4.126    4.126    4.673    4.673    5.587    5.587    6.460    6.460
    7.793    7.793    8.483    8.483   11.692   11.692   12.566   12.566   12.698   12.698
   15.118   15.118   15.969   15.969   20.800   20.800   23.162   23.162   24.386   24.386
   26.604   26.604   27.983   27.983   28.918   28.918   32.802   32.802   34.252   34.252
            0.400000  0.500000  0.778057
  -46.858  -46.858  -23.874  -23.873  -23.438  -23.438  -23.404  -23.404   -7.450   -7.450
   -7.026   -7.026    4.156    4.156    4.624    4.624    5.586    5.586    6.449    6.449
    7.814    7.814    8.508    8.508   11.747   11.747   12.566   12.567   12.640   12.641
   15.195   15.195   15.886   15.886   20.754   20.754   23.233   23.233   24.257   24.257
   26.607   26.607   28.080   28.080   28.892   28.892   32.875   32.875   34.170   34.170
            0.425000  0.500000  0.778057
  -46.858  -46.858  -23.873  -23.873  -23.439  -23.439  -23.404  -23.404   -7.434   -7.434
   -7.042   -7.042    4.185    4.185    4.579    4.579    5.587    5.587    6.440    6.440
    7.831    7.831    8.529    8.529   11.798   11.798   12.564   12.564   12.592   12.592
   15.273   15.273   15.801   15.801   20.717   20.717   23.309   23.309   24.135   24.135
   26.610   26.610   28.162   28.162   28.863   28.863   32.945   32.945   34.095   34.095
            0.450000  0.500000  0.778057
  -46.858  -46.858  -23.873  -23.872  -23.439  -23.439  -23.404  -23.404   -7.422   -7.422
   -7.054   -7.054    4.212    4.212    4.540    4.540    5.587    5.587    6.434    6.434
    7.842    7.842    8.544    8.544   11.839   11.839   12.539   12.539   12.574   12.574
   15.353   15.353   15.717   15.717   20.689   20.689   23.384   23.384   24.027   24.027
   26.612   26.612   28.227   28.227   28.836   28.836   33.005   33.005   34.033   34.033
            0.475000  0.500000  0.778057
  -46.858  -46.858  -23.872  -23.872  -23.440  -23.439  -23.404  -23.404   -7.414   -7.414
   -7.062   -7.062    4.232    4.232    4.513    4.513    5.588    5.588    6.430    6.430
    7.850    7.850    8.553    8.553   11.867   11.867   12.512   12.512   12.572   12.572
   15.429   15.429   15.639   15.639   20.673   20.673   23.447   23.447   23.945   23.945
   26.614   26.614   28.269   28.269   28.816   28.816   33.047   33.047   33.991   33.991
            0.500000  0.500000  0.778057
  -46.858  -46.858  -23.872  -23.872  -23.440  -23.440  -23.404  -23.404   -7.411   -7.411
   -7.065   -7.065    4.240    4.240    4.503    4.503    5.588    5.588    6.429    6.429
    7.852    7.852    8.556    8.556   11.877   11.877   12.502   12.502   12.572   12.572
   15.473   15.473   15.593   15.593   20.667   20.667   23.473   23.473   23.912   23.912
   26.615   26.615   28.283   28.284   28.808   28.808   33.062   33.062   33.975   33.976
            0.475000  0.475000  0.778057
  -46.858  -46.858  -23.872  -23.872  -23.440  -23.439  -23.404  -23.404   -7.422   -7.410
   -7.066   -7.053    4.209    4.243    4.506    4.536    5.578    5.598    6.428    6.434
    7.844    7.851    8.546    8.554   11.837   11.880   12.499   12.544   12.572   12.573
   15.352   15.475   15.593   15.717   20.670   20.687   23.371   23.489   23.912   24.024
   26.610   26.616   28.232   28.278   28.793   28.851   32.991   33.074   33.993   34.016
            0.450000  0.450000  0.778057
  -46.858  -46.858  -23.873  -23.872  -23.440  -23.438  -23.404  -23.404   -7.451   -7.409
   -7.068   -7.023    4.145    4.253    4.517    4.608    5.548    5.627    6.427    6.450
    7.820    7.847    8.516    8.545   11.742   11.887   12.491   12.571   12.575   12.642
   15.191   15.478   15.594   15.883   20.677   20.746   23.183   23.535   23.915   24.242
   26.598   26.621   28.107   28.263   28.748   28.953   32.811   33.111   34.044   34.109
            0.425000  0.425000  0.778057
  -46.858  -46.858  -23.875  -23.873  -23.439  -23.437  -23.404  -23.404   -7.490   -7.405
   -7.072   -6.983    4.076    4.270    4.535    4.686    5.503    5.678    6.425    6.473
    7.781    7.841    8.465    8.529   11.628   11.898   12.479   12.569   12.578   12.764
   15.037   15.483   15.595   16.046   20.691   20.844   22.987   23.612   23.918   24.486
   26.580   26.630   27.942   28.239   28.676   29.082   32.566   33.169   34.124   34.212
            0.400000  0.400000  0.778057
  -46.858  -46.858  -23.876  -23.873  -23.439  -23.435  -23.404  -23.403   -7.531   -7.401
   -7.078   -6.939    4.014    4.294    4.559    4.759    5.445    5.751    6.423    6.499
    7.728    7.834    8.395    8.501   11.517   11.915   12.468   12.567   12.580   12.890
   14.894   15.487   15.596   16.197   20.711   20.977   22.799   23.718   23.924   24.734
   26.559   26.642   27.752   28.206   28.580   29.229   32.284   33.240   34.227   34.305
            0.375000  0.375000  0.778057
  -46.858  -46.858  -23.878  -23.873  -23.439  -23.433  -23.404  -23.403   -7.571   -7.396
   -7.085   -6.898    3.964    4.324    4.590    4.819    5.380    5.848    6.420    6.526
    7.663    7.826    8.304    8.458   11.422   11.935   12.459   12.565   12.583   13.010
   14.767   15.489   15.598   16.332   20.739   21.145   22.624   23.852   23.932   24.974
   26.542   26.657   27.546   28.167   28.466   29.390   31.981   33.311   34.345   34.380
            0.350000  0.350000  0.778057
  -46.858  -46.858  -23.880  -23.874  -23.439  -23.430  -23.404  -23.402   -7.605   -7.389
   -7.093   -6.861    3.926    4.362    4.627    4.865    5.311    5.966    6.417    6.551
    7.589    7.818    8.193    8.397   11.349   11.959   12.455   12.562   12.585   13.118
   14.656   15.487   15.600   16.446   20.775   21.343   22.463   23.942   24.012   25.189
   26.540   26.676   27.327   28.122   28.337   29.565   31.667   33.360   34.436   34.469
            0.325000  0.325000  0.778057
  -46.858  -46.858  -23.882  -23.874  -23.439  -23.428  -23.404  -23.402   -7.634   -7.382
   -7.102   -6.831    3.904    4.407    4.668    4.899    5.241    6.099    6.413    6.571
    7.506    7.809    8.065    8.315   11.305   11.987   12.459   12.559   12.589   13.212
   14.565   15.480   15.601   16.534   20.822   21.569   22.318   23.955   24.195   25.360
   26.570   26.698   27.102   28.074   28.197   29.754   31.349   33.352   34.474   34.587
            0.300000  0.300000  0.778057
  -46.858  -46.858  -23.883  -23.874  -23.439  -23.427  -23.404  -23.402   -7.654   -7.375
   -7.112   -6.810    3.897    4.459    4.712    4.924    5.176    6.241    6.409    6.586
    7.418    7.801    7.923    8.212   11.291   12.017   12.469   12.555   12.593   13.288
   14.495   15.467   15.603   16.593   20.879   21.818   22.189   23.972   24.399   25.465
   26.647   26.724   26.873   28.027   28.051   29.956   31.034   33.267   34.497   34.588
            0.275000  0.275000  0.778057
  -46.858  -46.858  -23.884  -23.874  -23.438  -23.426  -23.403  -23.401   -7.667   -7.367
   -7.122   -6.799    3.906    4.518    4.754    4.941    5.120    6.385    6.405    6.595
    7.327    7.770    7.794    8.089   11.308   12.049   12.485   12.551   12.602   13.346
   14.446   15.446   15.605   16.621   20.946   22.077   22.086   23.993   24.618   25.499
   26.644   26.754   26.770   27.902   27.986   30.170   30.727   33.121   34.508   34.683
            0.250000  0.250000  0.778057
  -46.858  -46.858  -23.884  -23.874  -23.438  -23.425  -23.403  -23.401   -7.670   -7.358
   -7.133   -6.797    3.931    4.584    4.783    4.953    5.085    6.402    6.518    6.596
    7.235    7.616    7.786    7.950   11.352   12.082   12.504   12.548   12.617   13.384
   14.419   15.418   15.606   16.617   21.022   21.980   22.369   24.018   24.850   25.476
   26.418   26.787   26.917   27.751   27.960   30.393   30.431   32.949   34.508   34.811
            0.225000  0.225000  0.778057
  -46.858  -46.858  -23.884  -23.874  -23.438  -23.425  -23.403  -23.401   -7.664   -7.350
   -7.144   -6.806    3.971    4.656    4.788    4.962    5.083    6.399    6.591    6.624
    7.144    7.478    7.766    7.811   11.421   12.115   12.520   12.544   12.643   13.403
   14.414   15.383   15.608   16.583   21.105   21.898   22.661   24.048   25.090   25.413
   26.198   26.824   27.054   27.601   27.963   30.150   30.621   32.774   34.500   34.816
            0.200000  0.200000  0.778057
  -46.858  -46.858  -23.883  -23.874  -23.438  -23.426  -23.403  -23.401   -7.648   -7.342
   -7.154   -6.825    4.027    4.735    4.766    4.970    5.116    6.396    6.578    6.667
    7.057    7.387    7.629    7.782   11.509   12.148   12.529   12.540   12.682   13.402
   14.432   15.341   15.609   16.519   21.193   21.831   22.958   24.084   25.327   25.332
   25.985   26.863   27.152   27.453   28.009   29.886   30.852   32.611   34.483   34.785
            0.175000  0.175000  0.778057
  -46.858  -46.858  -23.882  -23.874  -23.437  -23.427  -23.403  -23.401   -7.624   -7.334
   -7.164   -6.855    4.096    4.731    4.819    4.980    5.171    6.394    6.559    6.617
    6.974    7.377    7.464    7.777   11.614   12.180   12.533   12.537   12.732   13.382
   14.471   15.295   15.610   16.429   21.282   21.778   23.254   24.127   25.229   25.571
   25.782   26.905   27.199   27.308   28.101   29.642   31.078   32.468   34.458   34.721
            0.150000  0.150000  0.778057
  -46.858  -46.858  -23.881  -23.874  -23.437  -23.429  -23.403  -23.401   -7.591   -7.327
   -7.173   -6.893    4.177    4.692    4.908    4.992    5.236    6.393    6.486    6.535
    6.899    7.300    7.432    7.774   11.730   12.209   12.534   12.534   12.787   13.345
   14.530   15.245   15.611   16.317   21.369   21.737   23.542   24.177   25.127   25.589
   25.802   26.947   27.169   27.204   28.224   29.419   31.296   32.346   34.425   34.633
            0.125000  0.125000  0.778057
  -46.858  -46.858  -23.879  -23.874  -23.437  -23.431  -23.403  -23.401   -7.550   -7.320
   -7.181   -6.939    4.265    4.656    4.998    5.010    5.304    6.316    6.393    6.507
    6.832    7.140    7.513    7.771   11.852   12.236   12.531   12.533   12.843   13.293
   14.608   15.195   15.612   16.188   21.450   21.707   23.815   24.235   25.028   25.408
   26.018   26.989   27.035   27.186   28.354   29.222   31.497   32.245   34.384   34.534
            0.100000  0.100000  0.778057
  -46.858  -46.858  -23.877  -23.874  -23.437  -23.432  -23.402  -23.402   -7.502   -7.315
   -7.188   -6.992    4.355    4.624    5.039    5.087    5.369    6.129    6.394    6.477
    6.774    6.992    7.595    7.769   11.976   12.258   12.529   12.531   12.897   13.229
   14.701   15.147   15.612   16.049   21.521   21.686   24.064   24.301   24.938   25.239
   26.213   26.911   27.026   27.159   28.476   29.051   31.677   32.166   34.337   34.433
            0.075000  0.075000  0.778057
  -46.858  -46.858  -23.876  -23.874  -23.437  -23.434  -23.402  -23.402   -7.449   -7.310
   -7.194   -7.050    4.439    4.598    5.084    5.169    5.427    5.941    6.395    6.447
    6.727    6.861    7.667    7.768   12.094   12.277   12.527   12.529   12.945   13.158
   14.806   15.105   15.613   15.905   21.579   21.673   24.280   24.375   24.862   25.084
   26.380   26.800   27.056   27.131   28.578   28.911   31.826   32.106   34.289   34.342
            0.050000  0.050000  0.778057
  -46.858  -46.858  -23.874  -23.873  -23.437  -23.436  -23.402  -23.402   -7.392   -7.307
   -7.198   -7.110    4.506    4.579    5.152    5.239    5.473    5.760    6.397    6.422
    6.692    6.757    7.721    7.767   12.198   12.290   12.526   12.527   12.982   13.089
   14.913   15.072   15.613   15.769   21.623   21.665   24.450   24.458   24.804   24.943
   26.511   26.709   27.076   27.109   28.655   28.806   31.939   32.065   34.247   34.269
            0.025000  0.025000  0.778057
  -46.858  -46.858  -23.873  -23.873  -23.437  -23.437  -23.402  -23.402   -7.336   -7.305
   -7.200   -7.168    4.550    4.568    5.241    5.286    5.504    5.600    6.399    6.405
    6.671    6.688    7.755    7.767   12.273   12.298   12.525   12.526   13.006   13.035
   15.004   15.051   15.613   15.659   21.650   21.660   24.544   24.560   24.768   24.822
   26.597   26.648   27.086   27.094   28.703   28.741   32.009   32.041   34.217   34.223
            0.000000  0.000000  0.778057
  -46.858  -46.858  -23.873  -23.873  -23.437  -23.437  -23.402  -23.402   -7.304   -7.304
   -7.201   -7.201    4.564    4.564    5.303    5.303    5.514    5.514    6.399    6.399
    6.663    6.663    7.767    7.767   12.301   12.301   12.525   12.525   13.014   13.014
   15.043   15.043   15.613   15.614   21.659   21.659   24.599   24.599   24.755   24.755
   26.627   26.627   27.089   27.089   28.719   28.719   32.033   32.033   34.207   34.207
